cam0:
  camera_model: pinhole
  # intrinsics: pinhole: [fu fv pu pv]
  intrinsics: [263.76385498046875, 263.76385498046875, 343.8626708984375, 185.25424194335938]
  resolution: [672, 376]
  rostopic: /vibe_ros/left/camera_info
  distortion_model: radtan
  # distortion model: (distortion_coeffs: [k1 k2 r1 r2])
  distortion_coeffs: [0.0, 0.0, 0.0, 0.0]
  T_w_c: [
     [-0.691686418501514, -0.719922154836815, 0.0572886501470152,                  0],
     [ -0.14148131287531, 0.0572886501470151, -0.988281867015383,                  0],
     [ 0.708204021852198, -0.691686418501513,  -0.14148131287531,                  0],
     [                 0,                  0,                  0,                  1]
  ]


cam1:
  camera_model: pinhole
  # intrinsics: pinhole: [fu fv pu pv]
  intrinsics: [331.7231140136719, 331.7231140136719, 317.70501708984375, 193.75619506835938]
  resolution: [672, 376]
  rostopic: /vibe_ros/right/camera_info
  distortion_model: radtan
  distortion_coeffs: [0.0, 0.0, 0.0, 0.0]
  T_w_c: [
     [   0.62770545205283,  -0.777425184066187, -0.0399493259368381,   -3.33716298668473],
     [ -0.112665081137687, -0.0399493259368384,  -0.992829608165183,  -0.316406643415563],
     [   0.77025479223137,    0.62770545205283,  -0.112665081137688,     3.9715525977008],
     [                  0,                   0,                   0,                   1]
  ]
