cam0:
  cam_overlaps: [1]
  camera_model: ds
  distortion_coeffs: []
  distortion_model: none
  intrinsics: [-0.007166221794045497, 0.6443342227869049, 283.69661954213655, 282.4882810410788,
    420.45456577462073, 394.1448345069751]
  resolution: [848, 800]
  rostopic: /camera/fisheye1/image_raw
cam1:
  T_cn_cnm1:
  - [0.9999870321210741, 0.0010119410238169076, -0.004991148669246677, -0.0640927813905972]
  - [-0.001003648686153813, 0.9999981125044277, 0.0016636336390260307, -0.0005370232248568278]
  - [0.004992822747603625, -0.0016586027054221446, 0.9999861602832636, 0.0001916241408367629]
  - [0.0, 0.0, 0.0, 1.0]
  cam_overlaps: [0]
  camera_model: ds
  distortion_coeffs: []
  distortion_model: none
  intrinsics: [-0.02114193074595404, 0.6383768080516867, 279.8015626270762, 278.6316215462129,
    429.1294670591442, 393.12331867354527]
  resolution: [848, 800]
  rostopic: /camera/fisheye2/image_raw
