cam0:
  cam_overlaps: [1]
  camera_model: omni
  distortion_coeffs: [0.13013538228968402, -0.4356310580865322, 0.0006464669964736117,
    -4.006142315422086e-05]
  distortion_model: radtan
  intrinsics: [1.933987071290248, 834.7867635962461, 831.4180692235796, 420.2590189641121,
    393.6737855351047]
  resolution: [848, 800]
  rostopic: /camera/fisheye1/image_raw
cam1:
  T_cn_cnm1:
  - [0.9999867212720075, 0.0010217327057270762, -0.005051073345203789, -0.06397222697831575]
  - [-0.0010166917551496205, 0.999998982705401, 0.0010004629119788968, -0.00022196951723764258]
  - [0.005052090412452191, -0.0009953142424792975, 0.9999867427781347, -0.0001763320285199055]
  - [0.0, 0.0, 0.0, 1.0]
  cam_overlaps: [0]
  camera_model: omni
  distortion_coeffs: [0.07974668001489518, -0.24034820877912377, 0.002479495828949717,
    0.000793937173858983]
  distortion_model: radtan
  intrinsics: [1.884104522994214, 821.2013932749181, 817.819712064478, 428.8652220250414,
    392.6400765201914]
  resolution: [848, 800]
  rostopic: /camera/fisheye2/image_raw
